8.815666824946215
6.211835509699952

8.815666824946215
6.049924663389003

8.815666824946215
6.070379280732211

8.815666824946215
5.996740134588016

8.815666824946215
6.033968727202746

8.815666824946215
6.003331808320024

8.815666824946215
5.948192729882063

8.815666824946215
6.041606897222284

8.815666824946215
5.967600850937741

8.815666824946215
5.940013406653427

8.815666824946215
5.922962545505737

8.815666824946215
5.980243045192661

8.815666824946215
5.971281493009426

