8.815666824946215
6.203517743533235

8.815666824946215
5.982877190976817

8.815666824946215
5.964448743531916

8.815666824946215
5.956372053110699

8.815666824946215
5.940416116924441

8.815666824946215
5.940725008991314

8.815666824946215
5.953599464388459

8.815666824946215
5.947687386803631

8.815666824946215
5.876856639512343

8.815666824946215
5.916142414571465

8.815666824946215
5.89687273645387

8.815666824946215
5.849371828035446

8.815666824946215
5.951873371953748

