8.815666824946215
6.211835509699952

8.815666824946215
6.194153481078985

8.815666824946215
6.055836740973829

8.815666824946215
5.937643528202201

8.815666824946215
6.0115111315486605

8.815666824946215
5.9789196630289645

8.815666824946215
5.9511579656759

8.815666824946215
6.063474910993367

8.815666824946215
6.643553937712125

8.815666824946215
5.855319715750939

8.815666824946215
5.8435855748454655

8.815666824946215
5.8603779441198345

8.815666824946215
5.970234996721897

