8.815666824946215
6.203517743533235

8.815666824946215
5.905535204818129

8.815666824946215
6.062741110712674

8.815666824946215
6.091880394362947

8.815666824946215
6.00519634369282

8.815666824946215
5.964689819277417

8.815666824946215
5.938184681411299

8.815666824946215
6.027431257604251

8.815666824946215
5.864822421143272

8.815666824946215
5.88986573390761

8.815666824946215
5.805990082090387

8.815666824946215
5.965646301300767

8.815666824946215
5.933511747185598

